383
687
714
211
285
683
161
953
110
34
164
800
372
827
322
273
530
259
791
42
418
683
980
24
546
57
898
896
507
396
683
248
257
649
202
131
210
916
834
124
60
70
384
934
493
581
146
462
595
545
958
766
658
898
498
269
682
436
214
800
874
177
846
452
549
491
781
289
158
116
689
108
479
406
858
2
938
111
904
7
279
885
745
330
717
939
31
32
628
473
835
510
263
1
634
796
506
116
639
181
640
587
835
509
343
763
166
574
396
775
224
738
309
222
738
722
952
100
517
168
95
991
676
766
34
744
819
408
701
731
183
484
35
626
553
179
11
364
187
990
237
997
442
821
113
864
787
831
630
299
287
758
772
176
419
861
795
386
664
872
602
513
799
528
42
835
701
810
347
872
218
565
521
742
933
821
40
644
71
654
727
690
192
630
743
910
551
363
251
849
953
899
308
429
771
974
343
636
287
810
555
610
440
55
286
676
998
117
323
865
377
222
118
165
659
288
516
813
557
483
359
340
92
127
507
841
811
108
864
620
423
583
607
594
331
659
168
351
141
901
148
30
252
74
315
729
213
394
422
700
256
948
696
505
419
669
847
316
195
213
322
581
74
861
491
32
403
146
339
369
580
330
871
403
539
523
305
615
849
766
777
755
419
188
489
633
674
948
94
829
992
812
552
128
738
263
847
45
65
60
733
1
514
39
532
614
579
930
670
746
323
568
240
968
448
730
470
918
683
841
994
88
931
177
218
262
948
88
245
853
849
759
767
194
832
80
327
772
376
728
400
737
33
115
726
347
9
484
533
149
256
148
890
322
591
236
818
247
302
676
411
841
980
952
844
423
743
633
523
924
535
229
794
92
315
324
543
622
805
237
882
743
479
56
459
273
229
850
382
739
745
324
705
389
871
685
496
319
408
686
844
868
710
430
61
300
950
388
679
126
373
856
743
548
841
357
993
616
796
798
100
350
779
885
530
632
215
797
540
802
416
953
705
90
3
33
832
724
349
895
29
787
366
963
494
8
687
403
895
966
836
66
940
375
75
484
662
299
146
680
792
929
834
449
365
913
994
292
227
605
5
642
298
810
599
419
326
971
325
254
247
636
725
363
633
874
895
549
331
739
177
820
435
906
40
759
24
335
235
846
100
55
700
694
490
399
251
953
704
100
367
70
52
776
871
589
395
370
505
221
160
728
601
2
306
793
950
707
708
419
818
328
666
872
950
14
129
375
692
296
211
975
422
374
279
273
274
185
717
208
909
23
75
676
267
654
985
874
967
750
876
674
280
31
980
900
25
897
528
754
637
435
466
94
80
921
473
492
185
233
580
57
876
579
436
974
110
287
547
749
385
475
873
127
146
349
426
554
884
72
439
624
855
802
647
381
315
568
106
253
714
371
647
31
477
235
811
668
179
549
713
287
944
805
729
309
156
234
697
563
153
287
494
264
24
285
908
445
968
891
82
252
789
360
838
764
710
366
17
637
4
582
786
371
989
188
965
972
532
915
489
119
278
210
594
163
458
344
783
891
628
722
736
187
529
747
920
39
619
862
277
614
568
503
634
387
873
619
222
274
468
541
438
448
628
337
301
307
370
139